Price for m = 32, 64, 128, 256, 512
CMC: [5.34081148 5.33086971 5.32941906 5.31366438 5.30962379]
QMC: [5.38017856 5.30414546 5.22770171 5.18935609 5.26407527]
pre_CMC: [5.41379215 5.32769263 5.30532624 5.28663069 5.25654108]
pre_QMC: [5.40664361 5.31953994 5.29016508 5.27094859 5.25638533]
CV: [5.41299637 5.37170868 5.28933035 5.30162467 5.30137623]