Price for m = 32, 64, 128, 256, 512
CMC: [5.28064167 5.46124506 5.34839382 5.30621838 5.06420574]
QMC: [5.44394024 5.31036612 5.3404625  5.26844698 5.29995706]
pre_CMC: [5.40816049 5.33314245 5.28210772 5.2679311  5.26685697]
pre_QMC: [5.41674815 5.32691153 5.28555033 5.26977509 5.27334577]
CV: [5.37181375 5.33294435 5.31988861 5.28104671 5.27252967]