Price for m = 32, 64, 128, 256, 512
CMC: [0.72085297 0.71533028 0.71783916 0.71394172 0.71791805]
QMC: [0.7295309  0.72770105 0.72286239 0.71828612 0.71637977]
pre_CMC: [0.72399036 0.72250125 0.72211853 0.72228491 0.72108918]
pre_QMC: [0.72276589 0.72224714 0.72112807 0.72196468 0.72151228]
CV: [0.72447949 0.72152221 0.7075461  0.73203168 0.72546254]